stefan_sif	352	240	300
garden_sif	352	240	115
tennis_sif	352	240	150
tt_sif	352	240	112
akiyo_cif	352	288	300
bowing_cif	352	288	300
bridge_close_cif	352	288	300
bridge_far_cif	352	288	300
bus_cif	352	288	150
coastguard_cif	352	288	300
container_cif	352	288	300
deadline_cif	352	288	300
flower_cif	352	288	250
football_cif	352	288	260
foreman_cif	352	288	300
hall_monitor_cif	352	288	300
highway_cif	352	288	300
husky_cif	352	288	250
mad900_cif	352	288	300
mobile_cif	352	288	300
mother_daughter_cif	352	288	300
news_cif	352	288	300
pamphlet_cif	352	288	300
paris_cif	352	288	300
sign_irene_cif	352	288	250
silent_cif	352	288	300
students_cif	352	288	300
waterfall_cif	352	288	260
tempete_cif	352	288	260
mobile_calendar_720x480	720	480	300
galleon_720x480	720	480	300
football_720x480	720	480	300
flower_garden_720x480	720	480	300
intros_720x480	720	480	300
vtc1nw_720x480	720	480	300
washdc_720x480	720	480	300
ice_4cif	704	576	480
soccer_4cif	704	576	600
harbour_4cif	704	576	600
crew_4cif	704	576	600
city_4cif	704	576	600
parkrun_ter_720p50	1280	720	500
shields_ter_720p50	1280	720	500
stockholm_ter_720p5994	1280	720	600
mobcal_ter_720p50	1280	720	500
aspen_1080p	1920	1080	300
blue_sky_1080p25	1920	1080	217
dinner_1080p30	1920	1080	300
controlled_burn_1080p	1920	1080	300
factory_1080p30	1920	1080	300
life_1080p30	1920	1080	300
pedestrian_area_1080p25	1920	1080	250
red_kayak_1080p	1920	1080	300
riverbed_1080p25	1920	1080	250
rush_field_cuts_1080p	1920	1080	300
rush_hour_1080p25	1920	1080	250
sintel_trailer_2k_1080p24	1920	1080	240
snow_mnt_1080p	1920	1080	300
speed_bag_1080p	1920	1080	300
station2_1080p25	1920	1080	250
sunflower_1080p25	1920	1080	250
touchdown_pass_1080p	1920	1080	300
tractor_1080p25	1920	1080	250
west_wind_easy_1080p	1920	1080	300
crowd_run_1080p50	1920	1080	500
ducks_take_off_1080p50	1920	1080	500
in_to_tree_1080p50	1920	1080	500
old_town_cross_1080p50	1920	1080	500
park_joy_1080p50	1920	1080	500
Netflix_SquareAndTimelapse_2048x1080_60fps_420	2048	1080	600
Netflix_RitualDance_2048x1080_60fps_420	2048	1080	600
Netflix_Crosswalk_2048x1080_60fps_420	2048	1080	300
Netflix_TunnelFlag_2048x1080_60fps_420	2048	1080	600
Netflix_Narrator_2048x1080_60fps_420	2048	1080	300
Netflix_BoxingPractice_2048x1080_60fps_420	2048	1080	254
Netflix_Tango_2048x1080_60fps_420	2048	1080	294
Netflix_FoodMarket_2048x1080_60fps_420	2048	1080	600
Netflix_Boat_2048x1080_60fps_420	2048	1080	300
Netflix_WindAndNature_2048x1080_60fps_420	2048	1080	600
Netflix_PierSeaside_2048x1080_60fps_420	2048	1080	600
Netflix_Dancers_2048x1080_60fps_420	2048	1080	600
Netflix_ToddlerFountain_2048x1080_60fps_420	2048	1080	600
Netflix_DrivingPOV_2048x1080_60fps_420	2048	1080	600
Netflix_BarScene_2048x1080_60fps_420	2048	1080	600
Netflix_RollerCoaster_2048x1080_60fps_420	2048	1080	600
Netflix_DinnerScene_2048x1080_60fps_420	2048	1080	600
Netflix_Aerial_2048x1080_60fps_420	2048	1080	600
female150	1920	1080	150
male150	1920	1080	150
onedarkfinal	1920	1080	150
simo	1920	1080	150
training	1920	1080	150
x2	1920	1080	150
Harmonic_2Rally_1_1080p_30	1920	1080	193
Harmonic_2Rally_2_1080p_30	1920	1080	461
Harmonic_3fjords_1_1080p_30	1920	1080	500
Harmonic_3fjords_2_1080p_30	1920	1080	500
Harmonic_5costa_3_1080p_30	1920	1080	468
Harmonic_5costa_5_1080p_30	1920	1080	284
Harmonic_6hongkong_2_1080p_30	1920	1080	388
Harmonic_6hongkong_6_1080p_30	1920	1080	260
Harmonic_7_1_1080p_30	1920	1080	500
Harmonic_7_7_1080p_30	1920	1080	484
Harmonic_8americanfootball_2_1080p_30	1920	1080	500
Harmonic_8americanfootball_7_1080p_30	1920	1080	392
Harmonic_10AsianFusion_2_1080p_30	1920	1080	297
Harmonic_10AsianFusion_5_1080p_30	1920	1080	244
Harmonic_11skateboarding_7_1080p_30	1920	1080	366
Harmonic_11skateboarding_9_1080p_30	1920	1080	168
Harmonic_12redrockvol3_2_1080p_50	1920	1080	500
Harmonic_12redrockvol3_5_1080p_50	1920	1080	500
Harmonic_13redrockvol2_2_1080p_50	1920	1080	275
Harmonic_13redrockvol2_9_1080p_50	1920	1080	344
Harmonic_14airacrobatics_2_1080p_50	1920	1080	500
Harmonic_14airacrobatics_3_1080p_50	1920	1080	500
Harmonic_16raptors_2_1080p_50	1920	1080	500
Harmonic_16raptors_3_1080p_50	1920	1080	500
Harmonic_18ANIMALS_3_1080p_50	1920	1080	490
Harmonic_18ANIMALS_11_1080p_50	1920	1080	288
LiquidAssets_anemone_1080p_30	1920	1080	300
LiquidAssets_blackfish_1080p_60	1920	1080	552
LiquidAssets_boats_1080p_30	1920	1080	258
LiquidAssets_diver2_1080p_30	1920	1080	300
videoSRC003_640x360_30	640	360	150
videoSRC004_640x360_30	640	360	150
videoSRC005_640x360_30	640	360	150
videoSRC008_640x360_30	640	360	150
videoSRC009_640x360_30	640	360	150
videoSRC010_640x360_30	640	360	150
videoSRC015_640x360_30	640	360	150
videoSRC016_640x360_30	640	360	150
videoSRC019_640x360_30	640	360	150
videoSRC023_640x360_30	640	360	150
videoSRC025_640x360_30	640	360	150
videoSRC034_640x360_30	640	360	150
videoSRC035_640x360_30	640	360	150
videoSRC037_640x360_30	640	360	150
videoSRC050_640x360_30	640	360	150
videoSRC056_640x360_30	640	360	150
videoSRC062_640x360_30	640	360	150
videoSRC065_640x360_30	640	360	150
videoSRC073_640x360_30	640	360	150
videoSRC074_640x360_30	640	360	150
videoSRC075_640x360_30	640	360	150
videoSRC078_640x360_30	640	360	150
videoSRC079_640x360_30	640	360	150
videoSRC082_640x360_30	640	360	150
videoSRC083_640x360_30	640	360	150
videoSRC085_640x360_30	640	360	150
videoSRC095_640x360_24	640	360	120
videoSRC100_640x360_24	640	360	120
videoSRC102_640x360_24	640	360	120
videoSRC104_640x360_24	640	360	120
videoSRC107_640x360_24	640	360	120
videoSRC109_640x360_24	640	360	120
videoSRC111_640x360_24	640	360	120
videoSRC113_640x360_24	640	360	120
videoSRC114_640x360_24	640	360	120
videoSRC117_640x360_24	640	360	120
videoSRC122_640x360_30	640	360	120
videoSRC125_640x360_30	640	360	120
videoSRC130_640x360_30	640	360	120
videoSRC135_640x360_30	640	360	120
videoSRC136_640x360_24	640	360	120
videoSRC138_640x360_24	640	360	120
videoSRC149_640x360_30	640	360	120
videoSRC155_640x360_30	640	360	120
videoSRC160_640x360_24	640	360	120
videoSRC163_640x360_24	640	360	120
videoSRC170_640x360_24	640	360	120
videoSRC176_640x360_24	640	360	120
videoSRC180_640x360_24	640	360	120
videoSRC182_640x360_24	640	360	120
videoSRC183_640x360_24	640	360	120
videoSRC188_640x360_24	640	360	120
videoSRC192_640x360_24	640	360	120
videoSRC195_640x360_24	640	360	120
videoSRC198_640x360_24	640	360	120
videoSRC200_640x360_24	640	360	120
videoSRC201_640x360_24	640	360	120
videoSRC204_640x360_24	640	360	120
videoSRC213_640x360_24	640	360	120
RAISE_Train_768x512	768	512	1600
RAISE_Train_1536x1024	1536	1024	1600
RAISE_Train_2304x1536	2304	1536	1600
RAISE_Train_2880x1920	2880	1920	1600
RAISE_Valid_768x512	768	512	200
RAISE_Valid_1536x1024	1536	1024	200
RAISE_Valid_2304x1536	2304	1536	200
RAISE_Valid_2880x1920	2880	1920	200
RAISE_Test_768x512	768	512	200
RAISE_Test_1536x1024	1536	1024	200
RAISE_Test_2304x1536	2304	1536	200
RAISE_Test_2880x1920	2880	1920	200
